payrollID,EmpID,EmpName,Year,Month,BSalary,Allowance,OT,LatePen,GSalary,YeeEPS,YeeSosco,YeeEIS,YeePCB,YeeTDeduction,YeeNSalary,YerEPF,YerSosco,YerEIS,YerCon,BankName,BankAccount
P1,5,em,2024,September,6000.00,100.00,500.00,0.00,6600.00,726.00,33.00,13.20,330.00,1102.20,5497.80,858.00,118.80,13.20,990.00,PUBLIC BANK,0123456789,
P2,7,jt,2024,September,66.00,100.00,200.00,0.00,366.00,40.26,1.83,0.73,18.30,61.12,304.88,47.58,6.59,0.73,54.90,MAYBANK,1395746852
P3,1,un,2024,September,5000.00,100.00,0.00,0.00,5100.00,561.00,25.50,10.20,255.00,851.70,4248.30,663.00,91.80,10.20,765.00,HONG LEONG BANK,0123456789
P4,2,hr,2024,September,5000.00,100.00,0.00,0.00,5100.00,561.00,25.50,10.20,255.00,851.70,4248.30,663.00,91.80,10.20,765.00,HONG LEONG BANK,0123456789
P5,3,pr,2024,September,5000.00,100.00,0.00,0.00,5100.00,561.00,25.50,10.20,255.00,851.70,4248.30,663.00,91.80,10.20,765.00,CIMB BANK,0123456781
P6,4,dm,2024,September,5000.00,100.00,0.00,0.00,5100.00,561.00,25.50,10.20,255.00,851.70,4248.30,663.00,91.80,10.20,765.00,MAYBANK,0123456789
P7,6,jh,2024,August,5000.00,100.00,0.00,0.00,5100.00,561.00,25.50,10.20,255.00,851.70,4248.30,663.00,91.80,10.20,765.00,HONG LEONG BANK,1298537495
P8,8,by,2024,September,5000.00,100.00,53.33,0.00,5153.33,566.87,25.77,10.31,257.67,860.61,4292.73,669.93,92.76,10.31,773.00,PUBLIC BANK,1259634785
P9,9,hw,2024,September,5000.00,100.00,0.00,0.00,5100.00,561.00,25.50,10.20,255.00,851.70,4248.30,663.00,91.80,10.20,765.00,HONG LEONG BANK,1233845239
P10,10,jj,2024,September,5000.00,100.00,38.33,0.00,5138.33,565.22,25.69,10.28,256.92,858.10,4280.23,667.98,92.49,10.28,770.75,CIMB BANK,5236974585
P11,11,lw,2024,September,33.00,100.00,0.00,0.00,133.00,14.63,0.67,0.27,6.65,22.21,110.79,17.29,2.39,0.27,19.95,CIMB BANK,9856332145
P12,12,cm,2024,August,5500.00,100.00,150.00,0.00,5750.00,632.50,28.75,11.50,287.50,960.25,4789.75,747.50,103.50,11.50,862.50,MAYBANK,5236974106,
P13,13,ey,2024,August,5000.00,100.00,23.33,0.00,5123.33,563.57,25.62,10.25,256.17,855.60,4267.74,666.03,92.22,10.25,768.50,MAYBANK,9531627856
P14,1,un,2024,August,5000.00,100.00,0.00,0.00,5100.00,561.00,25.50,10.20,255.00,851.70,4248.30,663.00,91.80,10.20,765.00,HONG LEONG BANK,0123456789
P15,12,cm,2024,September,5000.00,100.00,150.00,0.00,5250.00,577.50,26.25,10.50,262.50,876.75,4373.25,682.50,94.50,10.50,787.50,MAYBANK,5236974106
